,LotFrontage,LotArea,MasVnrArea,BsmtFinSF1,BsmtFinSF2,BsmtUnfSF,TotalBsmtSF,1stFlrSF,2ndFlrSF,LowQualFinSF,GrLivArea,BsmtFullBath,BsmtHalfBath,FullBath,HalfBath,BedroomAbvGr,KitchenAbvGr,TotRmsAbvGrd,Fireplaces,GarageCars,GarageArea,WoodDeckSF,OpenPorchSF,EnclosedPorch,3SsnPorch,ScreenPorch,PoolArea,MiscVal
LotFrontage,1.0,0.6496329683785945,0.2589060863186575,0.15401366042324344,0.05251555245269009,0.11943640923801169,0.38620620645930837,0.4276784506948145,0.05511061549022079,-0.030230344967649498,0.37584404254570225,0.0859899804131879,-0.003853998272473583,0.2202335867523057,0.09677723416785634,0.3276789705321772,0.0022311473921106236,0.36599927313957875,0.24531474434249506,0.35175606583238384,0.37805182011186605,0.10928800946487487,0.17807316787386235,-0.0958107502097428,0.06395964164077114,0.04384867149601465,0.08453405750232279,0.024197713324761366
LotArea,0.6496329683785945,1.0,0.177538640091478,0.17199466469583868,0.07201883438650133,0.07782979010185415,0.36619655587777505,0.44385785060778066,0.11935635767739607,-0.020254540546418384,0.4490395056130566,0.09560903476789503,0.04596957419641717,0.23537662964929953,0.14265803714241151,0.33778791233226496,-0.022752081722624093,0.40592386311800477,0.3501983941234649,0.3401952770420601,0.367153493835244,0.18428523815573483,0.17696467854402034,-0.06656317008937687,0.06228205184731539,0.09231556578038423,0.08445953685330791,0.05929748977293015
MasVnrArea,0.2589060863186575,0.177538640091478,1.0,0.24156538255384785,-0.061342130423432215,0.07556087996663186,0.36010395402847495,0.35235105081953194,0.06316196124153436,-0.10699425036105867,0.3226784324562636,0.12100399240556017,0.032869622848044684,0.29036610996854645,0.16877638359551655,0.11313717620591197,-0.04938685147284277,0.2639117134816546,0.25562675255892897,0.40160590034557075,0.3647548087670272,0.17373600196768146,0.20868102592344517,-0.1795890753773416,0.0409968573924308,0.038171090107618384,0.004862557206720459,-0.05027855713668024
BsmtFinSF1,0.15401366042324344,0.17199466469583868,0.24156538255384785,1.0,0.05039785120780114,-0.5736376628213566,0.4104126135826548,0.3234779716814001,-0.19123614510038267,-0.07905427939213869,0.057470743612000656,0.6741745055723446,0.09071206905540033,0.011985541177599058,-0.01390726523282139,-0.08416367606807498,-0.1063687529279791,-0.05006245813587867,0.19226435585448398,0.1813808152407591,0.2441612921765892,0.1793594465674261,0.08142018217202242,-0.14833929607085308,0.04680163260740047,0.07198926250261878,0.05758648069453966,0.005097402750611624
BsmtFinSF2,0.05251555245269009,0.07201883438650133,-0.061342130423432215,0.05039785120780114,1.0,-0.2710066551601354,0.07015568656960891,0.06746145266328042,-0.10156380761578793,0.0017164719450043192,-0.05150676568758893,0.15402086251235056,0.12468887942182888,-0.1055921126243346,-0.04970407589508324,0.009766951648552805,-0.03725613727975454,-0.059362373332624466,0.0298860007331595,-0.06416640927947519,-0.007295106065644489,0.0693425174994656,-0.06899065776784008,0.041523964912241015,-0.016078927703509358,0.058715854840349205,0.06807566623854565,0.03036316681034833
BsmtUnfSF,0.11943640923801169,0.07782979010185415,0.07556087996663186,-0.5736376628213566,-0.2710066551601354,1.0,0.32885499654502387,0.22365249287039668,0.05977434676786559,0.02035687843611163,0.2533404354494012,-0.44747242393446507,-0.09773352853399414,0.2508577672107875,-0.004181647153920356,0.1577288161349359,0.0002731572892274711,0.2610686163702779,0.07193880092861907,0.16105302886701736,0.10916674731271575,-0.034866151058445545,0.15612690468157903,0.04424161315806154,0.013417823262739596,-0.012446930057224677,-0.036809083529886995,-0.0444601415980468
TotalBsmtSF,0.38620620645930837,0.36619655587777505,0.36010395402847495,0.4104126135826548,0.07015568656960891,0.32885499654502387,1.0,0.8292919303569337,-0.28608736587038547,-0.08109820158781904,0.3710256930346211,0.3015377975637127,0.00027928490988646183,0.3280364707188594,-0.10472487663068158,0.0585495763450708,-0.024872203393734294,0.2339126710015158,0.32568698267686186,0.45550789470449843,0.48668544025620375,0.2310445597715431,0.27032139953430473,-0.17153774585118198,0.04917252270112168,0.08869038606605915,0.04706681270777499,-0.06117968787553552
1stFlrSF,0.4276784506948145,0.44385785060778066,0.35235105081953194,0.3234779716814001,0.06746145266328042,0.22365249287039668,0.8292919303569337,1.0,-0.2762182087894847,-0.03885495062417458,0.4944211963467903,0.23608342174035463,0.016727392600107957,0.36689075141264677,-0.14970608714908382,0.1407393093093575,0.08748535537471812,0.3617771101900547,0.39488290097311535,0.45057972393268164,0.4897970662374369,0.21899882510869026,0.2347125604376629,-0.12918936896916638,0.06019479052693151,0.10751236434628483,0.07055688272829952,-0.03321879215858463
2ndFlrSF,0.05511061549022079,0.11935635767739607,0.06316196124153436,-0.19123614510038267,-0.10156380761578793,0.05977434676786559,-0.28608736587038547,-0.2762182087894847,1.0,0.05782099570518884,0.6428566754207817,-0.18156865421507423,-0.026810491692067732,0.3841866740510762,0.6252724042762988,0.5104433050468153,0.05445681470982683,0.5871890667541106,0.18870375042157733,0.15649947585774404,0.09798501350387809,0.07104726574280223,0.22512112524950634,0.04579308726814782,-0.022861136470075497,0.012173313415299402,0.06137553106356752,-0.005313294174312049
LowQualFinSF,-0.030230344967649498,-0.020254540546418384,-0.10699425036105867,-0.07905427939213869,0.0017164719450043192,0.02035687843611163,-0.08109820158781904,-0.03885495062417458,0.05782099570518884,1.0,0.06370617888373434,-0.06071082556470212,-0.010306167954374336,0.0003827626696061466,-0.019386425834349793,0.02121107190713501,-0.004006602219892627,0.04245112536190162,-0.0437563594194593,-0.07428556113161101,-0.047911144101169825,-0.04210303441151888,0.010320244150786197,0.04754665757509901,0.02243175261783876,-0.018577957369357787,0.0656746675575857,0.029123394895170185
GrLivArea,0.37584404254570225,0.4490395056130566,0.3226784324562636,0.057470743612000656,-0.05150676568758893,0.2533404354494012,0.3710256930346211,0.4944211963467903,0.6428566754207817,0.06370617888373434,1.0,0.008979592898178472,-0.02683917663187753,0.6584192438840644,0.43712787542764414,0.5429477398189668,0.12296433718508866,0.8278743231158384,0.4808042189657734,0.5050943196631743,0.4682114122925655,0.22715779274029077,0.3983124345537278,-0.0490569415556605,0.03391196716997295,0.08562997505989431,0.06829772115271056,-0.04896852515642489
BsmtFullBath,0.0859899804131879,0.09560903476789503,0.12100399240556017,0.6741745055723446,0.15402086251235056,-0.44747242393446507,0.3015377975637127,0.23608342174035463,-0.18156865421507423,-0.06071082556470212,0.008979592898178472,1.0,-0.15064415472018297,-0.056379002983883965,-0.041999241653035785,-0.12245070016501401,-0.06320771151050791,-0.06628925620390465,0.11834755159113121,0.14280834533297504,0.20327736968278284,0.16918656029684515,0.08567171888676105,-0.07344740036072944,0.010203638003702357,0.030253181421164017,0.06911165740803804,-0.0067006361888380895
BsmtHalfBath,-0.003853998272473583,0.04596957419641717,0.032869622848044684,0.09071206905540033,0.12468887942182888,-0.09773352853399414,0.00027928490988646183,0.016727392600107957,-0.026810491692067732,-0.010306167954374336,-0.02683917663187753,-0.15064415472018297,1.0,-0.04928228019655919,-0.03297537852249185,0.04559764500128931,-0.024328847361959942,-0.027881292646351388,0.03387833570592346,-0.029322431218735498,-0.022491145117538927,0.04949907703888919,-0.0405004014395419,-0.03679964966283589,0.06152951731107088,0.03793559848818078,0.025956916970469018,0.032480766391665104
FullBath,0.2202335867523057,0.23537662964929953,0.29036610996854645,0.011985541177599058,-0.1055921126243346,0.2508577672107875,0.3280364707188594,0.36689075141264677,0.3841866740510762,0.0003827626696061466,0.6584192438840644,-0.056379002983883965,-0.04928228019655919,1.0,0.1552295646757841,0.336514761548967,0.1491807142537827,0.5586646553102279,0.268547773466405,0.5183104620597452,0.44445948447540234,0.22637386785681127,0.37015249140729567,-0.15942030461903686,0.03732294082042928,-0.03723595593279745,0.04221183545419602,-0.04872812408446391
HalfBath,0.09677723416785634,0.14265803714241151,0.16877638359551655,-0.01390726523282139,-0.04970407589508324,-0.004181647153920356,-0.10472487663068158,-0.14970608714908382,0.6252724042762988,-0.019386425834349793,0.43712787542764414,-0.041999241653035785,-0.03297537852249185,0.1552295646757841,1.0,0.2758977859400146,-0.09506847019878018,0.3590009515613762,0.21969566014717043,0.22991231114489066,0.16057621472412306,0.10826834216110792,0.2679797046709859,-0.1277626739055327,-0.0006771667930354798,0.05915833288023821,0.02742116341495754,-0.032966188976243725
BedroomAbvGr,0.3276789705321772,0.33778791233226496,0.11313717620591197,-0.08416367606807498,0.009766951648552805,0.1577288161349359,0.0585495763450708,0.1407393093093575,0.5104433050468153,0.02121107190713501,0.5429477398189668,-0.12245070016501401,0.04559764500128931,0.336514761548967,0.2758977859400146,1.0,0.17252987283138083,0.6678223363428102,0.14218348752311105,0.11849652928417195,0.11200861122014721,0.05557869547173773,0.09983164367109966,0.0023026240755915934,-0.0186861453168349,0.03380759236375889,0.07173429625585229,0.01250316256218937
KitchenAbvGr,0.0022311473921106236,-0.022752081722624093,-0.04938685147284277,-0.1063687529279791,-0.03725613727975454,0.0002731572892274711,-0.024872203393734294,0.08748535537471812,0.05445681470982683,-0.004006602219892627,0.12296433718508866,-0.06320771151050791,-0.024328847361959942,0.1491807142537827,-0.09506847019878018,0.17252987283138083,1.0,0.22188967184043568,-0.13871827680207252,-0.028503349646061358,-0.03193368034015404,-0.09836357218174219,-0.11248422129303057,0.035181065546227346,-0.027730495428004646,-0.05176448678505434,-0.014888933598091113,0.029948133241340696
TotRmsAbvGrd,0.36599927313957875,0.40592386311800477,0.2639117134816546,-0.05006245813587867,-0.059362373332624466,0.2610686163702779,0.2339126710015158,0.3617771101900547,0.5871890667541106,0.04245112536190162,0.8278743231158384,-0.06628925620390465,-0.027881292646351388,0.5586646553102279,0.3590009515613762,0.6678223363428102,0.22188967184043568,1.0,0.3468286496211932,0.38624446979990595,0.33054899742102606,0.1649795445528192,0.2850015998223669,-0.028734179215941468,-0.002639704434225535,0.03228606202845492,0.059385644299035,-0.021462934174286723
Fireplaces,0.24531474434249506,0.3501983941234649,0.25562675255892897,0.19226435585448398,0.0298860007331595,0.07193880092861907,0.32568698267686186,0.39488290097311535,0.18870375042157733,-0.0437563594194593,0.4808042189657734,0.11834755159113121,0.03387833570592346,0.268547773466405,0.21969566014717043,0.14218348752311105,-0.13871827680207252,0.3468286496211932,1.0,0.3255198931191343,0.26454338311797543,0.21378127026202473,0.2187266985599288,-0.06093218909319467,0.03579056592508239,0.1792350058361698,0.08387569241473682,-0.007545658976958223
GarageCars,0.35175606583238384,0.3401952770420601,0.40160590034557075,0.1813808152407591,-0.06416640927947519,0.16105302886701736,0.45550789470449843,0.45057972393268164,0.15649947585774404,-0.07428556113161101,0.5050943196631743,0.14280834533297504,-0.029322431218735498,0.5183104620597452,0.22991231114489066,0.11849652928417195,-0.028503349646061358,0.38624446979990595,0.3255198931191343,1.0,0.8533173766076402,0.25563671489389656,0.3427012881349605,-0.21142943070237177,0.03553833774798874,0.025837470422522466,0.021782891596470344,-0.05753634529348588
GarageArea,0.37805182011186605,0.367153493835244,0.3647548087670272,0.2441612921765892,-0.007295106065644489,0.10916674731271575,0.48668544025620375,0.4897970662374369,0.09798501350387809,-0.047911144101169825,0.4682114122925655,0.20327736968278284,-0.022491145117538927,0.44445948447540234,0.16057621472412306,0.11200861122014721,-0.03193368034015404,0.33054899742102606,0.26454338311797543,0.8533173766076402,1.0,0.24763327714061856,0.3384301617609848,-0.17799284752956546,0.03629976781187326,0.029071190710465183,0.04238680056620391,-0.03591758615386987
WoodDeckSF,0.10928800946487487,0.18428523815573483,0.17373600196768146,0.1793594465674261,0.0693425174994656,-0.034866151058445545,0.2310445597715431,0.21899882510869026,0.07104726574280223,-0.04210303441151888,0.22715779274029077,0.16918656029684515,0.04949907703888919,0.22637386785681127,0.10826834216110792,0.05557869547173773,-0.09836357218174219,0.1649795445528192,0.21378127026202473,0.25563671489389656,0.24763327714061856,1.0,0.12419966403613734,-0.15825654380144888,-0.027759858165506007,-0.09022887151037173,0.050244956212742706,0.01701671670296441
OpenPorchSF,0.17807316787386235,0.17696467854402034,0.20868102592344517,0.08142018217202242,-0.06899065776784008,0.15612690468157903,0.27032139953430473,0.2347125604376629,0.22512112524950634,0.010320244150786197,0.3983124345537278,0.08567171888676105,-0.0405004014395419,0.37015249140729567,0.2679797046709859,0.09983164367109966,-0.11248422129303057,0.2850015998223669,0.2187266985599288,0.3427012881349605,0.3384301617609848,0.12419966403613734,1.0,-0.1689114726786415,0.017122884549482565,0.006565537146299573,0.03689019678849837,-0.03479401179439318
EnclosedPorch,-0.0958107502097428,-0.06656317008937687,-0.1795890753773416,-0.14833929607085308,0.041523964912241015,0.04424161315806154,-0.17153774585118198,-0.12918936896916638,0.04579308726814782,0.04754665757509901,-0.0490569415556605,-0.07344740036072944,-0.03679964966283589,-0.15942030461903686,-0.1277626739055327,0.0023026240755915934,0.035181065546227346,-0.028734179215941468,-0.06093218909319467,-0.21142943070237177,-0.17799284752956546,-0.15825654380144888,-0.1689114726786415,1.0,-0.038790259420011824,-0.08071590706617321,0.00399536096269617,0.03874606510603851
3SsnPorch,0.06395964164077114,0.06228205184731539,0.0409968573924308,0.04680163260740047,-0.016078927703509358,0.013417823262739596,0.04917252270112168,0.06019479052693151,-0.022861136470075497,0.02243175261783876,0.03391196716997295,0.010203638003702357,0.06152951731107088,0.03732294082042928,-0.0006771667930354798,-0.0186861453168349,-0.027730495428004646,-0.002639704434225535,0.03579056592508239,0.03553833774798874,0.03629976781187326,-0.027759858165506007,0.017122884549482565,-0.038790259420011824,1.0,-0.03793520712232525,-0.008972700791854983,0.004980466149426683
ScreenPorch,0.04384867149601465,0.09231556578038423,0.038171090107618384,0.07198926250261878,0.058715854840349205,-0.012446930057224677,0.08869038606605915,0.10751236434628483,0.012173313415299402,-0.018577957369357787,0.08562997505989431,0.030253181421164017,0.03793559848818078,-0.03723595593279745,0.05915833288023821,0.03380759236375889,-0.05176448678505434,0.03228606202845492,0.1792350058361698,0.025837470422522466,0.029071190710465183,-0.09022887151037173,0.006565537146299573,-0.08071590706617321,-0.03793520712232525,1.0,0.019034680401472923,0.01543461374033164
PoolArea,0.08453405750232279,0.08445953685330791,0.004862557206720459,0.05758648069453966,0.06807566623854565,-0.036809083529886995,0.04706681270777499,0.07055688272829952,0.06137553106356752,0.0656746675575857,0.06829772115271056,0.06911165740803804,0.025956916970469018,0.04221183545419602,0.02742116341495754,0.07173429625585229,-0.014888933598091113,0.059385644299035,0.08387569241473682,0.021782891596470344,0.04238680056620391,0.050244956212742706,0.03689019678849837,0.00399536096269617,-0.008972700791854983,0.019034680401472923,1.0,0.0415443431061732
MiscVal,0.024197713324761366,0.05929748977293015,-0.05027855713668024,0.005097402750611624,0.03036316681034833,-0.0444601415980468,-0.06117968787553552,-0.03321879215858463,-0.005313294174312049,0.029123394895170185,-0.04896852515642489,-0.0067006361888380895,0.032480766391665104,-0.04872812408446391,-0.032966188976243725,0.01250316256218937,0.029948133241340696,-0.021462934174286723,-0.007545658976958223,-0.05753634529348588,-0.03591758615386987,0.01701671670296441,-0.03479401179439318,0.03874606510603851,0.004980466149426683,0.01543461374033164,0.0415443431061732,1.0
