search_type,oof_log_rmse,weights
random_dirichlet,0.12700503932507004,0.61406 | 0.03233 | 0.12931 | 0.05386 | 0.16296 | 0.00748
random_dirichlet,0.12700532145256702,0.57931 | 0.00896 | 0.16277 | 0.06736 | 0.16301 | 0.01859
random_dirichlet,0.12701095686516123,0.57874 | 0.03662 | 0.12344 | 0.06354 | 0.19754 | 0.00012
random_dirichlet,0.12701107356587843,0.62599 | 0.02612 | 0.05805 | 0.10311 | 0.13478 | 0.05195
random_dirichlet,0.12701240559410004,0.56767 | 0.04400 | 0.14706 | 0.06601 | 0.16788 | 0.00739
random_dirichlet,0.1270128714945394,0.58162 | 0.03049 | 0.06540 | 0.09223 | 0.20131 | 0.02895
random_dirichlet,0.12701292414796947,0.56880 | 0.00330 | 0.14594 | 0.05910 | 0.21091 | 0.01195
random_dirichlet,0.12701477895834826,0.60811 | 0.03716 | 0.08717 | 0.04924 | 0.18428 | 0.03405
random_dirichlet,0.12701528317406452,0.57548 | 0.03591 | 0.15440 | 0.03064 | 0.17510 | 0.02847
random_dirichlet,0.12701578960565124,0.59535 | 0.06122 | 0.05457 | 0.11735 | 0.13652 | 0.03499
random_dirichlet,0.12701581059135136,0.62666 | 0.06119 | 0.02506 | 0.09992 | 0.18450 | 0.00266
random_dirichlet,0.12701727424489442,0.64845 | 0.02211 | 0.07751 | 0.15031 | 0.09313 | 0.00849
random_dirichlet,0.12701832722491602,0.59645 | 0.08673 | 0.00556 | 0.10005 | 0.16968 | 0.04153
random_dirichlet,0.12701837077426056,0.57727 | 0.00890 | 0.12182 | 0.06892 | 0.15544 | 0.06764
random_dirichlet,0.12701884773088584,0.60653 | 0.09876 | 0.02336 | 0.09164 | 0.14909 | 0.03062
random_dirichlet,0.12701887964024985,0.67531 | 0.02344 | 0.05236 | 0.10963 | 0.12360 | 0.01566
random_dirichlet,0.127019591142272,0.58485 | 0.00835 | 0.12752 | 0.03360 | 0.16430 | 0.08138
random_dirichlet,0.1270201367263211,0.59936 | 0.08620 | 0.06238 | 0.11460 | 0.12342 | 0.01405
random_dirichlet,0.12702041807179484,0.59691 | 0.05887 | 0.15860 | 0.02576 | 0.13492 | 0.02495
random_dirichlet,0.12702067136271927,0.64692 | 0.00642 | 0.00088 | 0.09277 | 0.16057 | 0.09243
random_dirichlet,0.12702104008607926,0.65227 | 0.07212 | 0.07845 | 0.07306 | 0.11770 | 0.00641
random_dirichlet,0.12702186057059317,0.53635 | 0.01787 | 0.00058 | 0.19768 | 0.21212 | 0.03540
random_dirichlet,0.12702298758679756,0.60338 | 0.01652 | 0.12331 | 0.13882 | 0.10103 | 0.01694
random_dirichlet,0.12702352482229753,0.54295 | 0.00835 | 0.17145 | 0.05242 | 0.19035 | 0.03448
random_dirichlet,0.12702359832393662,0.64604 | 0.06074 | 0.00142 | 0.08493 | 0.16266 | 0.04422
random_dirichlet,0.12702576660806936,0.66096 | 0.00335 | 0.03521 | 0.06629 | 0.14758 | 0.08661
random_dirichlet,0.12702594677699647,0.65168 | 0.00459 | 0.05299 | 0.19576 | 0.07840 | 0.01658
random_dirichlet,0.12702632915780654,0.60535 | 0.10103 | 0.02540 | 0.05275 | 0.16937 | 0.04609
random_dirichlet,0.12702762193376715,0.58278 | 0.00709 | 0.12598 | 0.17962 | 0.10207 | 0.00245
random_dirichlet,0.1270278712529655,0.56432 | 0.01506 | 0.07552 | 0.07845 | 0.22977 | 0.03688
random_dirichlet,0.12702854121273585,0.67534 | 0.01460 | 0.11554 | 0.05972 | 0.10473 | 0.03007
random_dirichlet,0.12702863530211034,0.64224 | 0.03589 | 0.01199 | 0.10019 | 0.11834 | 0.09135
random_dirichlet,0.12702869153667173,0.63488 | 0.07379 | 0.09509 | 0.02639 | 0.12281 | 0.04704
random_dirichlet,0.12702893079235902,0.61932 | 0.00576 | 0.07127 | 0.02190 | 0.19867 | 0.08308
random_dirichlet,0.12703007008471548,0.54802 | 0.01393 | 0.15649 | 0.02143 | 0.20662 | 0.05350
random_dirichlet,0.12703022846691397,0.56195 | 0.04415 | 0.00815 | 0.17828 | 0.14478 | 0.06269
random_dirichlet,0.12703080036577738,0.61616 | 0.04656 | 0.17359 | 0.01622 | 0.10874 | 0.03873
random_dirichlet,0.12703101888995486,0.62274 | 0.07660 | 0.16259 | 0.03003 | 0.10080 | 0.00724
random_dirichlet,0.12703105243233617,0.62184 | 0.01692 | 0.03354 | 0.18383 | 0.09215 | 0.05173
random_dirichlet,0.127032766687257,0.54204 | 0.07873 | 0.00734 | 0.13207 | 0.20318 | 0.03664
random_dirichlet,0.12703448824312297,0.66486 | 0.07450 | 0.08381 | 0.02610 | 0.12194 | 0.02880
random_dirichlet,0.12703537643210938,0.63582 | 0.12920 | 0.03468 | 0.07563 | 0.10644 | 0.01823
random_dirichlet,0.1270363608563867,0.66975 | 0.02108 | 0.08894 | 0.02592 | 0.11813 | 0.07618
random_dirichlet,0.12703654294436598,0.53834 | 0.06797 | 0.21276 | 0.01203 | 0.16720 | 0.00171
random_dirichlet,0.12703734406262124,0.53144 | 0.03603 | 0.20159 | 0.00836 | 0.19660 | 0.02598
random_dirichlet,0.12703734505194372,0.55802 | 0.08222 | 0.07083 | 0.03296 | 0.19417 | 0.06181
random_dirichlet,0.12703746561777005,0.59158 | 0.02508 | 0.07616 | 0.20956 | 0.08932 | 0.00830
random_dirichlet,0.12703748609399523,0.62144 | 0.04341 | 0.03679 | 0.12137 | 0.09986 | 0.07712
random_dirichlet,0.12703762076036962,0.66787 | 0.10135 | 0.04411 | 0.04426 | 0.14214 | 0.00026
random_dirichlet,0.1270382119921168,0.65378 | 0.03745 | 0.09284 | 0.14360 | 0.06858 | 0.00375
random_dirichlet,0.12703833138575313,0.62634 | 0.00415 | 0.04268 | 0.05421 | 0.21939 | 0.05324
random_dirichlet,0.12703856941188035,0.70618 | 0.00178 | 0.05041 | 0.11011 | 0.10740 | 0.02413
random_dirichlet,0.12703976246182094,0.54273 | 0.11120 | 0.00359 | 0.12064 | 0.21923 | 0.00262
random_dirichlet,0.12703986993590652,0.56557 | 0.01057 | 0.09155 | 0.00834 | 0.21815 | 0.10581
random_dirichlet,0.12704000579999794,0.52480 | 0.09995 | 0.03458 | 0.16115 | 0.17820 | 0.00132
random_dirichlet,0.12704046490406742,0.60140 | 0.10034 | 0.00568 | 0.17865 | 0.09441 | 0.01952
random_dirichlet,0.12704081203487955,0.54968 | 0.02835 | 0.11663 | 0.01058 | 0.21678 | 0.07798
random_dirichlet,0.12704145011173626,0.54109 | 0.00062 | 0.01227 | 0.24085 | 0.14412 | 0.06105
random_dirichlet,0.12704157587776774,0.67005 | 0.00410 | 0.03363 | 0.02844 | 0.14116 | 0.12263
random_dirichlet,0.12704162131437377,0.69552 | 0.01017 | 0.04553 | 0.09144 | 0.10141 | 0.05592
random_dirichlet,0.1270420199630321,0.57634 | 0.05896 | 0.05204 | 0.06757 | 0.23781 | 0.00728
random_dirichlet,0.12704240615995732,0.64726 | 0.04346 | 0.11862 | 0.00363 | 0.10421 | 0.08281
random_dirichlet,0.12704252572451855,0.54963 | 0.04513 | 0.04983 | 0.10299 | 0.24809 | 0.00433
random_dirichlet,0.1270426858011475,0.62372 | 0.01486 | 0.00556 | 0.20915 | 0.08248 | 0.06423
random_dirichlet,0.1270428855300902,0.66457 | 0.07051 | 0.03075 | 0.04754 | 0.17447 | 0.01216
random_dirichlet,0.12704382498739764,0.56790 | 0.01328 | 0.22009 | 0.09500 | 0.10185 | 0.00188
random_dirichlet,0.12704391516489427,0.53131 | 0.01758 | 0.12000 | 0.07555 | 0.24952 | 0.00603
random_dirichlet,0.1270439635427734,0.67154 | 0.04607 | 0.05253 | 0.00959 | 0.13837 | 0.08191
random_dirichlet,0.12704414094378239,0.54927 | 0.00164 | 0.08689 | 0.04235 | 0.18388 | 0.13596
random_dirichlet,0.12704515900654562,0.58996 | 0.00328 | 0.00652 | 0.04237 | 0.16662 | 0.19124
random_dirichlet,0.1270454712110664,0.61579 | 0.19666 | 0.00102 | 0.02595 | 0.15187 | 0.00872
random_dirichlet,0.12704564923236958,0.68786 | 0.03099 | 0.13971 | 0.06337 | 0.07379 | 0.00429
random_dirichlet,0.12704632701621177,0.55961 | 0.03750 | 0.05935 | 0.05324 | 0.24207 | 0.04824
random_dirichlet,0.1270469013379202,0.55041 | 0.09596 | 0.08953 | 0.01647 | 0.21892 | 0.02871
random_dirichlet,0.12704754485543235,0.61185 | 0.08089 | 0.02705 | 0.01978 | 0.13060 | 0.12983
random_dirichlet,0.12704800923867535,0.64728 | 0.17060 | 0.01856 | 0.06336 | 0.09678 | 0.00342
random_dirichlet,0.12704849177500127,0.56713 | 0.00708 | 0.01365 | 0.26181 | 0.10544 | 0.04489
random_dirichlet,0.12704855117256428,0.62871 | 0.01762 | 0.02695 | 0.07358 | 0.23100 | 0.02214
random_dirichlet,0.12704943243030445,0.62032 | 0.05832 | 0.00725 | 0.00698 | 0.14270 | 0.16443
random_dirichlet,0.12704954349432823,0.55963 | 0.11563 | 0.02921 | 0.15994 | 0.11817 | 0.01742
random_dirichlet,0.12704995320002924,0.52723 | 0.00040 | 0.02689 | 0.15004 | 0.26326 | 0.03217
random_dirichlet,0.12705015865082053,0.52696 | 0.08830 | 0.15297 | 0.00478 | 0.20731 | 0.01968
random_dirichlet,0.12705105566820593,0.69491 | 0.00229 | 0.13963 | 0.09297 | 0.06177 | 0.00843
random_dirichlet,0.12705107015915038,0.66991 | 0.06607 | 0.00100 | 0.03228 | 0.16794 | 0.06280
random_dirichlet,0.1270511678172694,0.50906 | 0.03032 | 0.21860 | 0.01501 | 0.20845 | 0.01857
random_dirichlet,0.12705117605448266,0.56779 | 0.18097 | 0.02898 | 0.02025 | 0.19406 | 0.00794
random_dirichlet,0.127051373385466,0.52879 | 0.09181 | 0.08678 | 0.05685 | 0.23064 | 0.00513
random_dirichlet,0.1270515696489577,0.69009 | 0.02956 | 0.12985 | 0.07036 | 0.06744 | 0.01270
random_dirichlet,0.12705164529118596,0.60429 | 0.09053 | 0.06294 | 0.01634 | 0.11780 | 0.10810
random_dirichlet,0.12705172462203757,0.55758 | 0.09026 | 0.07460 | 0.03429 | 0.23717 | 0.00610
random_dirichlet,0.12705186558095627,0.58963 | 0.18848 | 0.06313 | 0.03758 | 0.11435 | 0.00683
random_dirichlet,0.1270524757861277,0.53452 | 0.09160 | 0.04629 | 0.11137 | 0.15866 | 0.05756
random_dirichlet,0.1270525273107204,0.68404 | 0.04529 | 0.14722 | 0.04717 | 0.06811 | 0.00816
random_dirichlet,0.1270531236474564,0.57993 | 0.13495 | 0.02571 | 0.09468 | 0.11383 | 0.05091
random_dirichlet,0.1270534328741478,0.63881 | 0.18798 | 0.01440 | 0.00214 | 0.12631 | 0.03036
random_dirichlet,0.1270535392110405,0.62676 | 0.03253 | 0.09750 | 0.05138 | 0.09003 | 0.10180
random_dirichlet,0.12705377477886037,0.60551 | 0.20126 | 0.01618 | 0.02439 | 0.12104 | 0.03163
random_dirichlet,0.12705378357401545,0.56575 | 0.11226 | 0.00304 | 0.06134 | 0.14923 | 0.10838
random_dirichlet,0.12705432334320038,0.58876 | 0.15370 | 0.00115 | 0.05524 | 0.12452 | 0.07663
random_dirichlet,0.12705477307070454,0.56718 | 0.06944 | 0.18396 | 0.04963 | 0.10555 | 0.02424
random_dirichlet,0.12705490792294974,0.70268 | 0.04213 | 0.11831 | 0.00180 | 0.11850 | 0.01658
random_dirichlet,0.12705501334100866,0.57493 | 0.18595 | 0.00470 | 0.10506 | 0.11575 | 0.01362
random_dirichlet,0.12705540657125244,0.68374 | 0.01829 | 0.01422 | 0.21917 | 0.04955 | 0.01503
random_dirichlet,0.12705566976128965,0.72180 | 0.00814 | 0.03550 | 0.11471 | 0.09173 | 0.02812
random_dirichlet,0.12705569373257233,0.53803 | 0.03324 | 0.09099 | 0.20733 | 0.11929 | 0.01113
random_dirichlet,0.12705574439095718,0.61990 | 0.12687 | 0.01211 | 0.00837 | 0.12022 | 0.11254
random_dirichlet,0.12705591429458274,0.67525 | 0.15384 | 0.03739 | 0.03630 | 0.09586 | 0.00136
random_dirichlet,0.1270560210050544,0.56120 | 0.03329 | 0.02048 | 0.28619 | 0.09535 | 0.00349
random_dirichlet,0.12705645777782926,0.63851 | 0.08528 | 0.03859 | 0.02290 | 0.20895 | 0.00577
random_dirichlet,0.12705675398851685,0.66047 | 0.10763 | 0.14230 | 0.00391 | 0.07490 | 0.01079
random_dirichlet,0.1270570126797875,0.53645 | 0.02237 | 0.13576 | 0.00171 | 0.24681 | 0.05689
random_dirichlet,0.1270570926018725,0.53647 | 0.03322 | 0.02393 | 0.09464 | 0.17586 | 0.13588
random_dirichlet,0.12705806618884666,0.51535 | 0.02885 | 0.16031 | 0.07562 | 0.16707 | 0.05280
random_dirichlet,0.12705828188358295,0.52692 | 0.03896 | 0.09590 | 0.17564 | 0.13553 | 0.02706
random_dirichlet,0.12705841538986432,0.54370 | 0.00550 | 0.08185 | 0.22410 | 0.11385 | 0.03100
random_dirichlet,0.12705901467645053,0.55797 | 0.12769 | 0.01207 | 0.02622 | 0.22322 | 0.05284
random_dirichlet,0.12705910386050007,0.53771 | 0.04367 | 0.01507 | 0.20991 | 0.13283 | 0.06080
random_dirichlet,0.12705970644705653,0.70919 | 0.01494 | 0.04479 | 0.09213 | 0.07997 | 0.05898
random_dirichlet,0.12705973283796393,0.52819 | 0.01165 | 0.08129 | 0.06809 | 0.26075 | 0.05003
random_dirichlet,0.12705984162403117,0.56141 | 0.05754 | 0.00531 | 0.01141 | 0.18678 | 0.17755
random_dirichlet,0.1270598476154068,0.68356 | 0.00587 | 0.01016 | 0.04584 | 0.18558 | 0.06899
random_dirichlet,0.1270606030250805,0.54408 | 0.05707 | 0.17933 | 0.02515 | 0.13288 | 0.06149
random_dirichlet,0.1270611829789865,0.50242 | 0.06264 | 0.00219 | 0.21374 | 0.18296 | 0.03605
random_dirichlet,0.1270615452528732,0.62167 | 0.05675 | 0.06690 | 0.01218 | 0.23122 | 0.01128
random_dirichlet,0.1270622424683439,0.59846 | 0.06665 | 0.09458 | 0.11968 | 0.07815 | 0.04248
random_dirichlet,0.12706232520805272,0.60791 | 0.05028 | 0.11242 | 0.00749 | 0.09968 | 0.12222
random_dirichlet,0.12706233381072293,0.52450 | 0.06606 | 0.13283 | 0.02197 | 0.17265 | 0.08199
random_dirichlet,0.1270626813492611,0.62888 | 0.20284 | 0.00552 | 0.07280 | 0.08305 | 0.00691
random_dirichlet,0.1270629054882796,0.55229 | 0.13323 | 0.05463 | 0.00291 | 0.15901 | 0.09792
random_dirichlet,0.12706311539395815,0.49534 | 0.00332 | 0.09108 | 0.11480 | 0.23853 | 0.05693
random_dirichlet,0.12706322436259904,0.52202 | 0.13059 | 0.04781 | 0.06003 | 0.22766 | 0.01190
random_dirichlet,0.12706328702950354,0.59366 | 0.08272 | 0.03044 | 0.03392 | 0.11724 | 0.14202
random_dirichlet,0.12706332645318885,0.50762 | 0.04684 | 0.04302 | 0.10013 | 0.22079 | 0.08160
random_dirichlet,0.1270643330979043,0.72753 | 0.02871 | 0.01779 | 0.09837 | 0.11970 | 0.00790
random_dirichlet,0.12706487075093761,0.55644 | 0.11112 | 0.02474 | 0.01369 | 0.23452 | 0.05949
random_dirichlet,0.12706516243685156,0.56647 | 0.14410 | 0.09876 | 0.04409 | 0.11020 | 0.03637
random_dirichlet,0.12706559109221027,0.51916 | 0.02669 | 0.09565 | 0.03149 | 0.19982 | 0.12718
random_dirichlet,0.12706571493515068,0.68784 | 0.10881 | 0.04841 | 0.00102 | 0.09786 | 0.05606
random_dirichlet,0.12706600493022646,0.52930 | 0.06941 | 0.04247 | 0.17098 | 0.13616 | 0.05169
random_dirichlet,0.1270663081886131,0.57193 | 0.01928 | 0.07255 | 0.22453 | 0.08346 | 0.02825
random_dirichlet,0.12706673360493115,0.51673 | 0.03675 | 0.00925 | 0.09119 | 0.21465 | 0.13143
random_dirichlet,0.1270668164949567,0.51620 | 0.12020 | 0.00299 | 0.09100 | 0.20194 | 0.06766
random_dirichlet,0.12706694994123172,0.53287 | 0.05710 | 0.03535 | 0.09969 | 0.15699 | 0.11800
random_dirichlet,0.1270676440850255,0.60406 | 0.03597 | 0.14774 | 0.14330 | 0.06035 | 0.00858
random_dirichlet,0.12706771639532913,0.55556 | 0.00766 | 0.11206 | 0.14912 | 0.10585 | 0.06975
random_dirichlet,0.12706812573531462,0.51907 | 0.12668 | 0.02595 | 0.05748 | 0.20209 | 0.06873
random_dirichlet,0.1270681351278232,0.59046 | 0.02038 | 0.02468 | 0.09199 | 0.10930 | 0.16318
random_dirichlet,0.12706838598125392,0.62661 | 0.11763 | 0.02965 | 0.15783 | 0.05766 | 0.01062
random_dirichlet,0.12706882246070694,0.48396 | 0.02129 | 0.16938 | 0.08259 | 0.22189 | 0.02088
random_dirichlet,0.1270688258918486,0.59197 | 0.01375 | 0.13052 | 0.15077 | 0.07169 | 0.04131
random_dirichlet,0.12706906251351563,0.61664 | 0.07204 | 0.12711 | 0.01236 | 0.08149 | 0.09036
random_dirichlet,0.12706908718230944,0.64227 | 0.02476 | 0.16556 | 0.01389 | 0.06774 | 0.08578
random_dirichlet,0.12706940454649346,0.57316 | 0.15954 | 0.13326 | 0.02648 | 0.09701 | 0.01057
random_dirichlet,0.12706954631573184,0.58481 | 0.00895 | 0.11839 | 0.10843 | 0.08834 | 0.09110
random_dirichlet,0.12707042062175158,0.67462 | 0.10877 | 0.03389 | 0.03666 | 0.07448 | 0.07159
random_dirichlet,0.12707055582115864,0.55990 | 0.01410 | 0.03211 | 0.13753 | 0.12027 | 0.13608
random_dirichlet,0.12707076889111613,0.57752 | 0.17391 | 0.05173 | 0.03170 | 0.10808 | 0.05707
random_dirichlet,0.12707095182796974,0.69709 | 0.09831 | 0.04955 | 0.06939 | 0.06304 | 0.02262
random_dirichlet,0.1270710948722303,0.48777 | 0.03730 | 0.14246 | 0.07536 | 0.24193 | 0.01517
random_dirichlet,0.12707121112400327,0.49629 | 0.03835 | 0.09542 | 0.10066 | 0.26069 | 0.00860
random_dirichlet,0.1270712608829337,0.61331 | 0.02533 | 0.01523 | 0.08587 | 0.25915 | 0.00111
random_dirichlet,0.1270718548917662,0.49283 | 0.01818 | 0.13458 | 0.05727 | 0.23181 | 0.06533
random_dirichlet,0.12707195622001663,0.70117 | 0.05856 | 0.01687 | 0.04123 | 0.16620 | 0.01597
random_dirichlet,0.12707257315539425,0.49512 | 0.03591 | 0.14738 | 0.04590 | 0.24944 | 0.02626
random_dirichlet,0.12707319692585353,0.70772 | 0.00857 | 0.02490 | 0.12968 | 0.05716 | 0.07198
random_dirichlet,0.12707358807160338,0.50844 | 0.03591 | 0.15540 | 0.01147 | 0.18820 | 0.10058
random_dirichlet,0.1270736734315175,0.65851 | 0.05316 | 0.14014 | 0.05821 | 0.04999 | 0.03999
random_dirichlet,0.1270738509512607,0.55432 | 0.04302 | 0.09038 | 0.00690 | 0.26521 | 0.04018
random_dirichlet,0.12707418301649226,0.59322 | 0.23082 | 0.06086 | 0.00856 | 0.09615 | 0.01038
random_dirichlet,0.12707430603226377,0.58056 | 0.05771 | 0.01596 | 0.01343 | 0.25381 | 0.07852
random_dirichlet,0.12707435022168975,0.54320 | 0.00346 | 0.01256 | 0.03329 | 0.18546 | 0.22203
random_dirichlet,0.12707453214895156,0.59760 | 0.02586 | 0.02505 | 0.04481 | 0.26186 | 0.04483
random_dirichlet,0.12707494173218856,0.64251 | 0.01169 | 0.17120 | 0.04672 | 0.05611 | 0.07176
random_dirichlet,0.12707494220867643,0.53042 | 0.01306 | 0.11481 | 0.01934 | 0.27206 | 0.05031
random_dirichlet,0.12707512386736192,0.51712 | 0.01196 | 0.29316 | 0.00547 | 0.13804 | 0.03425
random_dirichlet,0.1270751418580191,0.52655 | 0.04468 | 0.00527 | 0.11622 | 0.16372 | 0.14356
random_dirichlet,0.12707555406369972,0.49086 | 0.04837 | 0.20209 | 0.00341 | 0.23494 | 0.02034
random_dirichlet,0.12707561909082452,0.72845 | 0.00563 | 0.05130 | 0.04550 | 0.09855 | 0.07057
random_dirichlet,0.12707584962334523,0.59679 | 0.03717 | 0.02645 | 0.10945 | 0.09106 | 0.13908
random_dirichlet,0.12707593121320196,0.61053 | 0.10751 | 0.18134 | 0.00164 | 0.06802 | 0.03096
random_dirichlet,0.12707603881315263,0.52882 | 0.18266 | 0.02605 | 0.02748 | 0.17211 | 0.06289
random_dirichlet,0.12707613323632597,0.72067 | 0.02989 | 0.02297 | 0.04487 | 0.09597 | 0.08564
random_dirichlet,0.12707616204695302,0.60341 | 0.06013 | 0.04573 | 0.14255 | 0.07140 | 0.07679
random_dirichlet,0.1270764175991287,0.58906 | 0.01735 | 0.08564 | 0.19863 | 0.06771 | 0.04161
random_dirichlet,0.12707648901138094,0.54079 | 0.02665 | 0.10508 | 0.03773 | 0.27771 | 0.01205
random_dirichlet,0.12707660276301802,0.61483 | 0.06158 | 0.10221 | 0.01021 | 0.08412 | 0.12706
random_dirichlet,0.12707669246500714,0.61351 | 0.02683 | 0.04466 | 0.10663 | 0.07818 | 0.13019
random_dirichlet,0.12707691198472362,0.54345 | 0.05165 | 0.12959 | 0.04502 | 0.12627 | 0.10402
random_dirichlet,0.12707716062752802,0.56658 | 0.02323 | 0.08404 | 0.10851 | 0.10279 | 0.11486
random_dirichlet,0.12707757952311566,0.56058 | 0.03784 | 0.10445 | 0.06466 | 0.11172 | 0.12076
random_dirichlet,0.1270784956751272,0.69412 | 0.02123 | 0.09956 | 0.03063 | 0.06165 | 0.09281
random_dirichlet,0.12707857590381727,0.54711 | 0.13748 | 0.00213 | 0.14187 | 0.11475 | 0.05666
random_dirichlet,0.12707864787016288,0.55336 | 0.01893 | 0.11728 | 0.22478 | 0.08324 | 0.00241
random_dirichlet,0.12707865845575983,0.61456 | 0.01410 | 0.02120 | 0.14890 | 0.07369 | 0.12756
random_dirichlet,0.1270792516135249,0.52960 | 0.00033 | 0.11391 | 0.15987 | 0.12229 | 0.07401
random_dirichlet,0.12707957294067673,0.51383 | 0.19736 | 0.06607 | 0.04917 | 0.16714 | 0.00644
random_dirichlet,0.12707962829588063,0.49016 | 0.03729 | 0.21734 | 0.09183 | 0.16140 | 0.00199
random_dirichlet,0.12707962932020678,0.52324 | 0.00748 | 0.02013 | 0.04718 | 0.20147 | 0.20050
random_dirichlet,0.12707963895039787,0.67063 | 0.23320 | 0.00094 | 0.00667 | 0.08689 | 0.00167
random_dirichlet,0.12707977383831132,0.56093 | 0.20119 | 0.01589 | 0.04540 | 0.11761 | 0.05897
random_dirichlet,0.12708003694778006,0.73088 | 0.02463 | 0.09245 | 0.01244 | 0.11872 | 0.02088
random_dirichlet,0.127080389480999,0.56695 | 0.08463 | 0.15422 | 0.02770 | 0.09584 | 0.07065
random_dirichlet,0.12708089404117853,0.68286 | 0.05806 | 0.00407 | 0.15343 | 0.04370 | 0.05787
random_dirichlet,0.1270809175499116,0.66995 | 0.04104 | 0.08074 | 0.10572 | 0.04369 | 0.05886
random_dirichlet,0.12708209291530354,0.67978 | 0.08275 | 0.18093 | 0.00745 | 0.04310 | 0.00599
random_dirichlet,0.12708212350045628,0.56731 | 0.00927 | 0.08545 | 0.07344 | 0.10970 | 0.15484
random_dirichlet,0.1270825560668662,0.68240 | 0.02978 | 0.04115 | 0.13124 | 0.04348 | 0.07195
random_dirichlet,0.12708262175352714,0.59049 | 0.10601 | 0.01256 | 0.17388 | 0.07023 | 0.04683
random_dirichlet,0.12708283615510002,0.49348 | 0.00002 | 0.15050 | 0.15242 | 0.15873 | 0.04485
random_dirichlet,0.12708360743645275,0.67722 | 0.00153 | 0.01244 | 0.16994 | 0.04450 | 0.09437
random_dirichlet,0.12708361301180612,0.50123 | 0.01731 | 0.25545 | 0.03521 | 0.15112 | 0.03968
random_dirichlet,0.12708429496719822,0.58024 | 0.05839 | 0.08604 | 0.09723 | 0.08395 | 0.09414
random_dirichlet,0.1270844295648952,0.60389 | 0.09090 | 0.03386 | 0.18184 | 0.05683 | 0.03267
random_dirichlet,0.12708454191784335,0.50912 | 0.00446 | 0.16744 | 0.01985 | 0.17041 | 0.12873
random_dirichlet,0.1270848145313131,0.69284 | 0.01439 | 0.02152 | 0.00230 | 0.08838 | 0.18056
random_dirichlet,0.12708492651083714,0.49213 | 0.01886 | 0.02086 | 0.14959 | 0.19987 | 0.11870
random_dirichlet,0.12708499968650672,0.73570 | 0.02253 | 0.01837 | 0.16422 | 0.04521 | 0.01397
random_dirichlet,0.12708560870608218,0.60452 | 0.07498 | 0.22484 | 0.03442 | 0.05369 | 0.00755
random_dirichlet,0.12708582295811607,0.51849 | 0.08404 | 0.02579 | 0.19423 | 0.12940 | 0.04804
random_dirichlet,0.12708620804582094,0.49864 | 0.04992 | 0.18919 | 0.12257 | 0.13923 | 0.00045
random_dirichlet,0.12708667271916121,0.57378 | 0.05043 | 0.16269 | 0.11212 | 0.07097 | 0.03001
random_dirichlet,0.1270869941238764,0.72326 | 0.04757 | 0.08030 | 0.05705 | 0.05499 | 0.03683
random_dirichlet,0.12708729910955602,0.50278 | 0.04852 | 0.08873 | 0.04326 | 0.18772 | 0.12899
random_dirichlet,0.12708736276299548,0.65214 | 0.10078 | 0.07523 | 0.02008 | 0.05887 | 0.09290
random_dirichlet,0.12708738409500944,0.50287 | 0.02172 | 0.11973 | 0.05675 | 0.17539 | 0.12354
random_dirichlet,0.12708792243199846,0.52830 | 0.03030 | 0.09072 | 0.05293 | 0.28755 | 0.01020
random_dirichlet,0.12708815564245782,0.56798 | 0.21196 | 0.05393 | 0.02666 | 0.09897 | 0.04049
random_dirichlet,0.1270883202405941,0.52870 | 0.05425 | 0.17523 | 0.13883 | 0.10134 | 0.00165
random_dirichlet,0.12708857562382808,0.49073 | 0.12827 | 0.03595 | 0.09035 | 0.24662 | 0.00807
random_dirichlet,0.12708877613337602,0.52836 | 0.04213 | 0.01468 | 0.03752 | 0.27156 | 0.10575
random_dirichlet,0.12708901886942545,0.56563 | 0.00413 | 0.22934 | 0.03271 | 0.08682 | 0.08137
random_dirichlet,0.12708902526874893,0.74430 | 0.04200 | 0.01963 | 0.07258 | 0.10251 | 0.01898
random_dirichlet,0.12708952165670406,0.62450 | 0.03853 | 0.03831 | 0.18706 | 0.04722 | 0.06439
random_dirichlet,0.12708962379375946,0.71882 | 0.07999 | 0.10797 | 0.02105 | 0.05455 | 0.01761
random_dirichlet,0.1270898079293965,0.54017 | 0.07695 | 0.07401 | 0.20193 | 0.09296 | 0.01399
random_dirichlet,0.12708982911104133,0.56172 | 0.03112 | 0.06044 | 0.15014 | 0.09320 | 0.10339
random_dirichlet,0.12708999536119783,0.63299 | 0.03978 | 0.16102 | 0.09388 | 0.03926 | 0.03308
random_dirichlet,0.12709009596358323,0.55050 | 0.07593 | 0.21948 | 0.02749 | 0.09199 | 0.03462
random_dirichlet,0.12709011096701164,0.63871 | 0.03295 | 0.07943 | 0.11879 | 0.04674 | 0.08337
random_dirichlet,0.12709024165252258,0.73682 | 0.06392 | 0.07870 | 0.04795 | 0.06690 | 0.00570
random_dirichlet,0.12709030104537047,0.51269 | 0.17893 | 0.03440 | 0.13729 | 0.13502 | 0.00168
random_dirichlet,0.1270903548293007,0.51954 | 0.11331 | 0.05016 | 0.06860 | 0.14804 | 0.10035
random_dirichlet,0.12709044162534994,0.60901 | 0.04649 | 0.07579 | 0.16518 | 0.05140 | 0.05214
random_dirichlet,0.12709061506916153,0.51466 | 0.21234 | 0.02517 | 0.02812 | 0.17303 | 0.04667
random_dirichlet,0.12709066614587688,0.70081 | 0.05097 | 0.04592 | 0.00703 | 0.18528 | 0.01000
random_dirichlet,0.1270908530552468,0.48144 | 0.08297 | 0.19262 | 0.00055 | 0.20852 | 0.03390
random_dirichlet,0.1270908534064798,0.64973 | 0.02403 | 0.21845 | 0.00064 | 0.04387 | 0.06329
random_dirichlet,0.12709104143805627,0.47559 | 0.00504 | 0.03994 | 0.28109 | 0.17469 | 0.02366
random_dirichlet,0.1270912146002121,0.64112 | 0.04414 | 0.14344 | 0.02923 | 0.05106 | 0.09101
random_dirichlet,0.12709123230245148,0.53299 | 0.00784 | 0.02741 | 0.12723 | 0.30118 | 0.00334
random_dirichlet,0.12709139562385455,0.53531 | 0.01473 | 0.12681 | 0.11527 | 0.11308 | 0.09480
random_dirichlet,0.12709153154553438,0.49576 | 0.12939 | 0.00110 | 0.10259 | 0.25604 | 0.01512
random_dirichlet,0.127091565630027,0.63900 | 0.06465 | 0.10415 | 0.07472 | 0.04639 | 0.07109
random_dirichlet,0.1270918844102828,0.52843 | 0.03731 | 0.15821 | 0.11608 | 0.10957 | 0.05040
random_dirichlet,0.12709197496942626,0.49557 | 0.08638 | 0.01696 | 0.18493 | 0.16006 | 0.05610
random_dirichlet,0.127092296338886,0.66929 | 0.00546 | 0.13790 | 0.14888 | 0.02253 | 0.01595
random_dirichlet,0.12709275320141966,0.46388 | 0.00221 | 0.11418 | 0.13956 | 0.23213 | 0.04804
random_dirichlet,0.12709290303375465,0.50697 | 0.17918 | 0.00169 | 0.03709 | 0.19703 | 0.07803
random_dirichlet,0.12709297123039723,0.73267 | 0.07930 | 0.02742 | 0.03334 | 0.12701 | 0.00026
random_dirichlet,0.12709313707291908,0.46968 | 0.06889 | 0.13369 | 0.09019 | 0.21517 | 0.02239
random_dirichlet,0.12709378390572246,0.48097 | 0.01561 | 0.20030 | 0.07248 | 0.17703 | 0.05361
random_dirichlet,0.12709386291554547,0.57103 | 0.03829 | 0.00159 | 0.22605 | 0.07897 | 0.08408
random_dirichlet,0.12709387317690246,0.71943 | 0.13395 | 0.00535 | 0.06168 | 0.05989 | 0.01970
random_dirichlet,0.12709392660239813,0.67431 | 0.02968 | 0.16076 | 0.03274 | 0.03744 | 0.06507
random_dirichlet,0.127094161876378,0.51885 | 0.21602 | 0.07308 | 0.02887 | 0.14276 | 0.02041
random_dirichlet,0.12709430351440723,0.54518 | 0.10049 | 0.13172 | 0.11131 | 0.08955 | 0.02175
random_dirichlet,0.12709441884235914,0.55860 | 0.13125 | 0.04491 | 0.04676 | 0.10608 | 0.11240
random_dirichlet,0.12709447405808752,0.49996 | 0.16117 | 0.06417 | 0.02180 | 0.18749 | 0.06541
random_dirichlet,0.12709491102567183,0.46984 | 0.08521 | 0.14938 | 0.07383 | 0.21013 | 0.01161
random_dirichlet,0.1270950156784874,0.75867 | 0.00329 | 0.01547 | 0.11479 | 0.08246 | 0.02531
random_dirichlet,0.12709517587668803,0.49063 | 0.10122 | 0.20591 | 0.01601 | 0.16326 | 0.02297
random_dirichlet,0.12709573323257004,0.59371 | 0.22157 | 0.02554 | 0.00928 | 0.08347 | 0.06643
random_dirichlet,0.1270958089270267,0.73141 | 0.06715 | 0.01045 | 0.02498 | 0.08761 | 0.07840
random_dirichlet,0.1270958129071007,0.55575 | 0.07223 | 0.14274 | 0.03704 | 0.09658 | 0.09567
random_dirichlet,0.12709640964545413,0.66706 | 0.00549 | 0.19407 | 0.01576 | 0.03846 | 0.07915
random_dirichlet,0.12709722613551125,0.61305 | 0.01482 | 0.06162 | 0.27302 | 0.03407 | 0.00342
random_dirichlet,0.1270972377089141,0.71203 | 0.00757 | 0.13126 | 0.00690 | 0.04926 | 0.09299
random_dirichlet,0.12709725520717646,0.57916 | 0.06901 | 0.06596 | 0.08102 | 0.08284 | 0.12201
random_dirichlet,0.12709738719567754,0.49332 | 0.00399 | 0.08787 | 0.12829 | 0.16975 | 0.11677
random_dirichlet,0.12709740448331916,0.57934 | 0.00515 | 0.00306 | 0.02228 | 0.28131 | 0.10886
random_dirichlet,0.12709747982170364,0.57804 | 0.11847 | 0.00509 | 0.04030 | 0.10010 | 0.15799
random_dirichlet,0.12709809335753872,0.64313 | 0.15473 | 0.09713 | 0.00583 | 0.04857 | 0.05062
random_dirichlet,0.1270988005934655,0.72411 | 0.05912 | 0.03010 | 0.00015 | 0.07850 | 0.10802
random_dirichlet,0.12709939524176198,0.48184 | 0.02327 | 0.14348 | 0.02159 | 0.21175 | 0.11808
random_dirichlet,0.12709946592004415,0.56051 | 0.16823 | 0.02651 | 0.09213 | 0.08987 | 0.06273
random_dirichlet,0.12709949563583645,0.52203 | 0.09935 | 0.00190 | 0.21583 | 0.11423 | 0.04667
random_dirichlet,0.12709996166766782,0.54906 | 0.01126 | 0.12940 | 0.16782 | 0.08431 | 0.05814
random_dirichlet,0.12710024851093213,0.51961 | 0.12420 | 0.01627 | 0.14006 | 0.12689 | 0.07297
random_dirichlet,0.12710028630401904,0.52420 | 0.07200 | 0.14070 | 0.06161 | 0.11940 | 0.08208
random_dirichlet,0.12710084428608515,0.52267 | 0.26308 | 0.01690 | 0.04330 | 0.13971 | 0.01434
random_dirichlet,0.12710105961628124,0.56236 | 0.18329 | 0.09570 | 0.06457 | 0.07863 | 0.01545
random_dirichlet,0.12710147925620846,0.50976 | 0.00468 | 0.00183 | 0.03396 | 0.26753 | 0.18224
random_dirichlet,0.12710164132914364,0.62744 | 0.05265 | 0.04790 | 0.24340 | 0.02652 | 0.00209
random_dirichlet,0.1271017307443826,0.49633 | 0.11716 | 0.13698 | 0.01537 | 0.16384 | 0.07032
random_dirichlet,0.127101948976297,0.63974 | 0.19246 | 0.11051 | 0.00056 | 0.04383 | 0.01290
random_dirichlet,0.12710195580609732,0.65354 | 0.03290 | 0.08061 | 0.00572 | 0.05946 | 0.16777
random_dirichlet,0.12710199326203292,0.56283 | 0.01935 | 0.10079 | 0.03171 | 0.10545 | 0.17987
random_dirichlet,0.12710207758099534,0.49984 | 0.06121 | 0.04327 | 0.15181 | 0.15062 | 0.09325
random_dirichlet,0.12710233721932176,0.60890 | 0.15293 | 0.04023 | 0.11089 | 0.04943 | 0.03761
random_dirichlet,0.12710297306018487,0.50304 | 0.10850 | 0.00849 | 0.06482 | 0.17642 | 0.13873
random_dirichlet,0.12710306483614564,0.54509 | 0.09319 | 0.02907 | 0.08041 | 0.11316 | 0.13908
random_dirichlet,0.1271031635158485,0.74218 | 0.08004 | 0.00430 | 0.11924 | 0.04448 | 0.00977
random_dirichlet,0.12710316953915862,0.63316 | 0.09146 | 0.15936 | 0.07978 | 0.02924 | 0.00700
random_dirichlet,0.12710416098860186,0.56799 | 0.13376 | 0.04978 | 0.14381 | 0.06945 | 0.03521
random_dirichlet,0.127104176972676,0.63147 | 0.03486 | 0.05782 | 0.06793 | 0.05658 | 0.15133
random_dirichlet,0.12710443247191403,0.59772 | 0.08431 | 0.16810 | 0.02507 | 0.05666 | 0.06815
random_dirichlet,0.1271046851877947,0.46353 | 0.05538 | 0.19901 | 0.02307 | 0.25268 | 0.00632
random_dirichlet,0.12710503670561568,0.56327 | 0.22138 | 0.00358 | 0.06194 | 0.09088 | 0.05895
random_dirichlet,0.12710539849316435,0.45260 | 0.04286 | 0.10106 | 0.14896 | 0.24389 | 0.01062
random_dirichlet,0.12710541526038138,0.61697 | 0.07003 | 0.00084 | 0.13105 | 0.05605 | 0.12506
random_dirichlet,0.1271056084744638,0.47992 | 0.08075 | 0.10598 | 0.07190 | 0.18410 | 0.07734
random_dirichlet,0.12710565569956364,0.54422 | 0.13803 | 0.10907 | 0.09385 | 0.08688 | 0.02795
random_dirichlet,0.12710593368153666,0.51010 | 0.10164 | 0.01875 | 0.01961 | 0.17695 | 0.17295
random_dirichlet,0.12710599587510554,0.66511 | 0.01942 | 0.10268 | 0.08054 | 0.03350 | 0.09874
random_dirichlet,0.1271064190491232,0.47496 | 0.06463 | 0.11620 | 0.01931 | 0.24514 | 0.07977
random_dirichlet,0.12710657193665434,0.58486 | 0.03163 | 0.15510 | 0.00527 | 0.07788 | 0.14526
random_dirichlet,0.12710678042700685,0.47095 | 0.11288 | 0.02118 | 0.14687 | 0.19982 | 0.04829
random_dirichlet,0.1271072629796024,0.45557 | 0.02678 | 0.13132 | 0.10552 | 0.26046 | 0.02034
random_dirichlet,0.12710733570405905,0.46741 | 0.06605 | 0.02849 | 0.12496 | 0.25830 | 0.05480
random_dirichlet,0.12710740376423277,0.56305 | 0.06092 | 0.05386 | 0.03693 | 0.10391 | 0.18133
random_dirichlet,0.12710757648834908,0.58518 | 0.05766 | 0.05498 | 0.06035 | 0.08089 | 0.16095
random_dirichlet,0.12710768657425744,0.48968 | 0.21001 | 0.03903 | 0.04700 | 0.18365 | 0.03062
random_dirichlet,0.12710773625461486,0.51167 | 0.02652 | 0.14443 | 0.03357 | 0.14294 | 0.14086
random_dirichlet,0.12710815340555745,0.66343 | 0.04009 | 0.08958 | 0.02306 | 0.04515 | 0.13869
random_dirichlet,0.1271084586614563,0.51192 | 0.07549 | 0.09445 | 0.15365 | 0.11617 | 0.04833
random_dirichlet,0.12710848546129358,0.52834 | 0.06447 | 0.30291 | 0.00541 | 0.09282 | 0.00605
random_dirichlet,0.12710884236183115,0.54933 | 0.03116 | 0.08331 | 0.19158 | 0.08039 | 0.06423
random_dirichlet,0.12710891302173463,0.56931 | 0.11395 | 0.00608 | 0.00429 | 0.10934 | 0.19703
random_dirichlet,0.12710898536387094,0.51128 | 0.00771 | 0.16922 | 0.12505 | 0.11776 | 0.06898
random_dirichlet,0.12710911488593987,0.49186 | 0.14693 | 0.06444 | 0.15204 | 0.13929 | 0.00543
random_dirichlet,0.12710929011371538,0.67370 | 0.08168 | 0.06399 | 0.16367 | 0.01290 | 0.00405
random_dirichlet,0.1271095598613116,0.55871 | 0.08603 | 0.01303 | 0.04247 | 0.28808 | 0.01169
random_dirichlet,0.12710968060983227,0.48144 | 0.07310 | 0.07941 | 0.02982 | 0.20899 | 0.12724
random_dirichlet,0.12710989368424058,0.55764 | 0.14499 | 0.08686 | 0.05423 | 0.08404 | 0.07223
random_dirichlet,0.1271099380269312,0.60956 | 0.21340 | 0.12808 | 0.00022 | 0.04759 | 0.00116
random_dirichlet,0.12711019328963016,0.61665 | 0.08052 | 0.17543 | 0.09525 | 0.02923 | 0.00292
random_dirichlet,0.12711025131314183,0.49065 | 0.02996 | 0.06572 | 0.19829 | 0.14509 | 0.07029
random_dirichlet,0.12711134439081276,0.46337 | 0.01155 | 0.14943 | 0.03889 | 0.24582 | 0.09094
random_dirichlet,0.12711183085276986,0.61342 | 0.15536 | 0.13456 | 0.05794 | 0.03587 | 0.00284
random_dirichlet,0.1271122316247997,0.47934 | 0.15631 | 0.06433 | 0.01851 | 0.21897 | 0.06255
random_dirichlet,0.127112621823871,0.46261 | 0.01655 | 0.14704 | 0.06673 | 0.21629 | 0.09077
random_dirichlet,0.12711279034929854,0.50818 | 0.15535 | 0.06243 | 0.10300 | 0.12583 | 0.04522
random_dirichlet,0.1271128341488166,0.58718 | 0.16843 | 0.14487 | 0.00601 | 0.05770 | 0.03580
random_dirichlet,0.12711299025296838,0.46857 | 0.14712 | 0.04100 | 0.08831 | 0.21727 | 0.03773
random_dirichlet,0.12711299322763753,0.63063 | 0.12139 | 0.01307 | 0.03348 | 0.05667 | 0.14476
random_dirichlet,0.12711332697859326,0.53681 | 0.16483 | 0.11922 | 0.08391 | 0.08655 | 0.00867
random_dirichlet,0.1271135032805506,0.58726 | 0.17842 | 0.10735 | 0.07401 | 0.04956 | 0.00340
random_dirichlet,0.12711362658763448,0.62333 | 0.13116 | 0.01184 | 0.04670 | 0.05582 | 0.13115
random_dirichlet,0.12711392762836002,0.50938 | 0.07713 | 0.04587 | 0.14686 | 0.12733 | 0.09343
random_dirichlet,0.12711400623319713,0.48193 | 0.19524 | 0.06003 | 0.01271 | 0.20837 | 0.04173
random_dirichlet,0.12711449123078558,0.48923 | 0.23415 | 0.01433 | 0.06846 | 0.17234 | 0.02149
random_dirichlet,0.12711488410269153,0.48779 | 0.18287 | 0.02034 | 0.14424 | 0.14986 | 0.01491
random_dirichlet,0.12711504908988613,0.46400 | 0.00331 | 0.19025 | 0.10022 | 0.18259 | 0.05964
random_dirichlet,0.12711507334986513,0.48505 | 0.22641 | 0.02786 | 0.08223 | 0.17010 | 0.00834
random_dirichlet,0.12711549921345702,0.64086 | 0.03793 | 0.04709 | 0.00732 | 0.26153 | 0.00527
random_dirichlet,0.127115616478844,0.50210 | 0.14600 | 0.06886 | 0.04769 | 0.14572 | 0.08963
random_dirichlet,0.12711620317029296,0.49724 | 0.08448 | 0.00109 | 0.09792 | 0.16640 | 0.15287
random_dirichlet,0.12711623354482193,0.48063 | 0.04628 | 0.02562 | 0.17474 | 0.16908 | 0.10365
random_dirichlet,0.12711632616655894,0.46904 | 0.02857 | 0.11481 | 0.06993 | 0.28949 | 0.02816
random_dirichlet,0.1271164488425322,0.47329 | 0.00178 | 0.01061 | 0.24141 | 0.17588 | 0.09702
random_dirichlet,0.1271167164310847,0.61087 | 0.04573 | 0.20075 | 0.00611 | 0.04541 | 0.09113
random_dirichlet,0.12711680306000273,0.58087 | 0.15862 | 0.00239 | 0.01093 | 0.08716 | 0.16003
random_dirichlet,0.1271177849786338,0.61559 | 0.04782 | 0.08456 | 0.09843 | 0.04395 | 0.10965
random_dirichlet,0.1271178823042835,0.70851 | 0.01846 | 0.06382 | 0.06001 | 0.03132 | 0.11789
random_dirichlet,0.12711815121586673,0.64215 | 0.01972 | 0.12504 | 0.09615 | 0.02829 | 0.08866
random_dirichlet,0.1271186197260503,0.57988 | 0.02647 | 0.25194 | 0.03587 | 0.05223 | 0.05361
random_dirichlet,0.1271192879260417,0.68490 | 0.03889 | 0.03753 | 0.21301 | 0.00503 | 0.02064
random_dirichlet,0.1271196716546773,0.76293 | 0.03772 | 0.10656 | 0.01520 | 0.06597 | 0.01161
random_dirichlet,0.12712014067011662,0.52488 | 0.01338 | 0.12133 | 0.05907 | 0.12024 | 0.16110
random_dirichlet,0.1271204919601396,0.51655 | 0.09969 | 0.05128 | 0.16803 | 0.10606 | 0.05840
random_dirichlet,0.1271206227884061,0.51498 | 0.17254 | 0.13410 | 0.02791 | 0.11265 | 0.03782
random_dirichlet,0.1271207702694096,0.43933 | 0.00240 | 0.17845 | 0.16055 | 0.21536 | 0.00391
random_dirichlet,0.12712082220479523,0.56572 | 0.09980 | 0.06413 | 0.18209 | 0.05680 | 0.03146
random_dirichlet,0.12712112001098996,0.56305 | 0.09443 | 0.23936 | 0.04246 | 0.05544 | 0.00525
random_dirichlet,0.12712117074340148,0.52074 | 0.03695 | 0.26709 | 0.08197 | 0.08732 | 0.00592
random_dirichlet,0.12712137644979232,0.54097 | 0.00765 | 0.12516 | 0.25759 | 0.06659 | 0.00203
random_dirichlet,0.1271216458662385,0.58121 | 0.16007 | 0.16106 | 0.02824 | 0.05032 | 0.01909
random_dirichlet,0.12712164991175198,0.56172 | 0.08661 | 0.04668 | 0.02622 | 0.09589 | 0.18287
random_dirichlet,0.12712191106520832,0.51099 | 0.04909 | 0.25681 | 0.01437 | 0.11051 | 0.05823
random_dirichlet,0.12712242290081907,0.76659 | 0.06770 | 0.00701 | 0.06715 | 0.08106 | 0.01050
random_dirichlet,0.12712256964594712,0.48241 | 0.00142 | 0.07398 | 0.02252 | 0.21225 | 0.20743
random_dirichlet,0.12712322329788642,0.50549 | 0.07515 | 0.00349 | 0.07734 | 0.15541 | 0.18312
random_dirichlet,0.12712341712728148,0.47889 | 0.07560 | 0.15734 | 0.02854 | 0.16669 | 0.09294
random_dirichlet,0.127123688737288,0.46450 | 0.01549 | 0.13766 | 0.13618 | 0.17489 | 0.07128
random_dirichlet,0.12712394162309004,0.51351 | 0.05784 | 0.01754 | 0.23905 | 0.10658 | 0.06548
random_dirichlet,0.12712395789683592,0.46541 | 0.00930 | 0.32406 | 0.04680 | 0.15396 | 0.00047
random_dirichlet,0.1271240573172669,0.48455 | 0.04709 | 0.01028 | 0.11393 | 0.30458 | 0.03958
random_dirichlet,0.12712422167362125,0.62229 | 0.04658 | 0.09056 | 0.10991 | 0.03414 | 0.09652
random_dirichlet,0.12712428534777084,0.51923 | 0.15827 | 0.15038 | 0.06871 | 0.09513 | 0.00828
random_dirichlet,0.12712446368786767,0.49052 | 0.14142 | 0.01762 | 0.01040 | 0.26934 | 0.07071
random_dirichlet,0.127124527369022,0.45386 | 0.00884 | 0.01814 | 0.18370 | 0.29364 | 0.04182
random_dirichlet,0.12712485571839335,0.47746 | 0.08707 | 0.03258 | 0.21298 | 0.14841 | 0.04149
random_dirichlet,0.12712513342686682,0.61584 | 0.16309 | 0.03044 | 0.03298 | 0.04859 | 0.10907
random_dirichlet,0.12712570179924296,0.53850 | 0.04605 | 0.03663 | 0.01429 | 0.12844 | 0.23610
random_dirichlet,0.12712586686419333,0.77308 | 0.01908 | 0.00105 | 0.11551 | 0.05297 | 0.03832
random_dirichlet,0.12712605637130805,0.48487 | 0.01717 | 0.00669 | 0.12102 | 0.18264 | 0.18761
random_dirichlet,0.12712664050908293,0.75346 | 0.01083 | 0.15420 | 0.00556 | 0.03505 | 0.04091
random_dirichlet,0.1271267783504157,0.50182 | 0.13719 | 0.05652 | 0.01126 | 0.28689 | 0.00632
random_dirichlet,0.12712685276608174,0.57255 | 0.07141 | 0.29835 | 0.00230 | 0.04674 | 0.00865
random_dirichlet,0.12712744844767893,0.45697 | 0.05109 | 0.02412 | 0.11728 | 0.27293 | 0.07761
random_dirichlet,0.12712755795716774,0.48461 | 0.15391 | 0.02214 | 0.00976 | 0.19315 | 0.13644
random_dirichlet,0.12712771706406906,0.53157 | 0.08732 | 0.15506 | 0.09075 | 0.08389 | 0.05141
random_dirichlet,0.12712775969879458,0.48828 | 0.01398 | 0.03203 | 0.11468 | 0.16993 | 0.18110
random_dirichlet,0.1271286053548064,0.48976 | 0.16386 | 0.00844 | 0.02515 | 0.17706 | 0.13574
random_dirichlet,0.1271287674587599,0.70101 | 0.09035 | 0.14320 | 0.00231 | 0.01573 | 0.04741
random_dirichlet,0.12712908421063765,0.73042 | 0.04976 | 0.17394 | 0.02994 | 0.01023 | 0.00570
random_dirichlet,0.12712914659824745,0.51335 | 0.02932 | 0.22005 | 0.13761 | 0.08914 | 0.01053
random_dirichlet,0.12712939901510928,0.62639 | 0.27333 | 0.01812 | 0.03290 | 0.03605 | 0.01321
random_dirichlet,0.12712944773453103,0.67833 | 0.12325 | 0.00825 | 0.18118 | 0.00293 | 0.00606
random_dirichlet,0.1271296339477062,0.52243 | 0.14440 | 0.00974 | 0.01055 | 0.28888 | 0.02401
random_dirichlet,0.1271297282518463,0.47054 | 0.23922 | 0.03875 | 0.06034 | 0.18787 | 0.00327
random_dirichlet,0.12712987039625043,0.51211 | 0.03848 | 0.07848 | 0.22239 | 0.09881 | 0.04974
random_dirichlet,0.1271302484550996,0.50734 | 0.05037 | 0.00212 | 0.03410 | 0.30237 | 0.10370
random_dirichlet,0.12713065119279207,0.62443 | 0.00484 | 0.00358 | 0.23504 | 0.02940 | 0.10271
random_dirichlet,0.12713073285956564,0.52025 | 0.07734 | 0.06333 | 0.02814 | 0.12822 | 0.18271
random_dirichlet,0.1271309675890695,0.57751 | 0.08868 | 0.13553 | 0.07653 | 0.05078 | 0.07098
random_dirichlet,0.12713109524955848,0.49106 | 0.19948 | 0.06311 | 0.02130 | 0.15170 | 0.07335
random_dirichlet,0.12713114577259724,0.62270 | 0.16407 | 0.00232 | 0.10275 | 0.03303 | 0.07512
random_dirichlet,0.12713152129035993,0.48773 | 0.12199 | 0.18444 | 0.06600 | 0.12481 | 0.01503
random_dirichlet,0.12713221784788475,0.44034 | 0.04233 | 0.22884 | 0.02091 | 0.24413 | 0.02345
random_dirichlet,0.12713229000621906,0.60613 | 0.01158 | 0.19834 | 0.10947 | 0.02678 | 0.04770
